4096
1483
1433
1530
1441
1485
1491
1501
1441
1488
1462
1499
1451
1500
1448
1473
1413
1474
1503
1475
1384
1469
1427
1411
1486
1498
1465
1480
1432
1456
1437
1386
1477
1405
1492
1459
1513
1505
1430
1461
1483
1462
1426
1465
1490
1440
1491
1416
1479
1505
1447
1403
1519
1442
1467
1459
1509
1491
1528
1495
1495
1416
1456
1467
1471
1497
1501
1425
1489
1453
1498
1446
1436
1435
1510
1463
1452
1477
1471
1420
1468
1468
1433
1505
1392
1439
1402
1477
1424
1361
1408
1436
1427
1436
1456
1397
1495
1439
1462
1441
1492
