16384
5697
5859
5694
5940
5885
5754
5812
5732
5836
5798
5750
5850
5794
5771
5916
5835
5879
5904
5769
5773
5765
5722
5809
5840
5706
5737
5818
5736
5760
5836
5827
5818
5831
5814
5767
5811
5897
5752
5885
5750
5747
5874
5856
5795
5771
5776
5807
5782
5775
5888
5808
5655
5905
5889
5727
5673
5769
5764
5715
5731
5882
5728
5895
5778
5777
5742
5734
5943
5767
5827
5911
5709
5755
5714
5877
5685
5735
5951
5863
5953
5780
5741
5774
5724
5901
5812
5828
5913
5942
5938
5800
5794
5878
5807
5832
5798
5825
5850
5775
5735
