65536
22992
23100
22997
23136
23207
23096
23122
22997
22970
23170
22915
23148
23117
23093
22978
23214
23364
22935
23124
23026
23186
23098
23165
23102
22956
23092
22971
23168
23205
23140
23261
23061
22857
23017
22956
23019
23261
23123
23323
22963
23129
23112
23172
22901
23130
23145
23302
23055
23208
23128
22909
22975
23311
23198
23012
23065
22955
23112
23376
22955
22938
23110
22957
23176
23334
23249
23130
23342
23240
23167
23040
22814
22996
22893
22983
23089
23418
23002
23204
23128
23313
23124
23556
22932
23247
23034
23082
23031
23165
23082
23107
23290
22946
23218
22996
23033
23055
23100
23098
23142
