1048576
369030
370616
370990
369755
370327
369958
369596
370279
370021
369666
369841
370001
370354
369351
369933
369987
369341
369882
369088
370581
369764
369377
369087
369424
370479
369980
369718
370438
369870
369219
370085
370567
370053
369475
369864
370393
369233
370487
369948
370052
370359
370224
370025
369617
370676
369605
369348
369061
369603
369722
369764
370364
369750
369160
371041
369893
371022
370532
371077
369143
369072
370615
369210
370056
370656
370734
369831
369800
369386
369986
369678
369871
370855
369479
369751
369740
369088
369968
370103
370067
368903
369503
370726
369294
369511
369825
370497
370839
369822
371534
369698
370151
369816
371257
369148
370057
369662
369560
370181
370245
