4194304
1480187
1478850
1480459
1480522
1481116
1477951
1478200
1479241
1480395
1479283
1479289
1480523
1478128
1479133
1477267
1477624
1478905
1478732
1479230
1478257
1480620
1478196
1477196
1478726
1478097
1477147
1477271
1475676
1479793
1479753
1478892
1479310
1478839
1479277
1479176
1481237
1478943
1477304
1479054
1478833
1479767
1479793
1478507
1478262
1479247
1479293
1478414
1479318
1478345
1478952
1478580
1478925
1479839
1479416
1479046
1479886
1477732
1479228
1480705
1479866
1479640
1479246
1478247
1478940
1479615
1477429
1477988
1479710
1479239
1478193
1480281
1479121
1479138
1478921
1479946
1478641
1477956
1479450
1477334
1478314
1477139
1479189
1478931
1479308
1477667
1479049
1478080
1476620
1479014
1479854
1477048
1478788
1478040
1478073
1478025
1479631
1478820
1477434
1478528
1479180
