16777216
5916311
5912014
5914176
5916733
5916599
5914111
5918913
5913628
5916070
5913194
5914955
5920300
5915663
5910144
5912092
5914257
5916722
5915145
5913108
5915179
5917308
5915606
5917446
5912193
5914738
5912835
5915316
5916630
5914287
5915096
5917705
5914926
5919440
5913046
5916379
5916174
5917201
5913755
5917333
5913486
5914254
5915169
5917175
5918522
5912139
5915562
5914841
5914569
5911782
5912232
5919748
5918074
5911335
5916727
5917723
5911631
5913167
5915152
5917096
5918886
5911982
5914769
5912381
5915515
5916467
5917918
5916600
5913690
5914245
5912379
5915062
5915900
5916596
5912101
5914302
5912739
5912614
5916233
5914125
5912565
5916488
5912231
5912812
5911322
5909691
5911820
5914820
5914695
5915434
5915604
5911673
5917263
5915660
5912588
5911497
5913306
5913819
5917218
5915319
5911762
